0
0
0
0
0
0
0
0
0
0
0
0
0
0
0
0
0
0
0
0
0
0
0
0
0
0
0
0
0
0
0
0
0
0
0
0
0
0
0
0
0
0
615
1500
1747
897
1694
1453
1191
1160
1150
1094
1049
1027
1023
1022
1022
507
507
507
507
507
507
507
507
507
507
507
507
507
507
507
507
507
507
507
507
507
507
507
313
592
940
940
1168
1168
1378
1105
1105
1105
922
1045
1290
1304
1509
1706
1706
1706
1706
1897
1861
1852
1852
0
0
0
0
0
0
0
0
0
0
0
0
0
0
0
0
0
0
0
0
0
0
0
0
0
0
0
0
0
0
615
1500
1747
897
1694
1453
1191
1160
1150
1094
1049
1027
1023
1022
1022
507
507
507
507
507
507
507
507
507
507
507
507
507
507
507
507
507
507
507
507
507
507
507
507
9
323
612
947
947
1170
1170
1184
1098
1098
1098
923
1050
1050
1310
1519
1715
1715
1715
1715
1897
1860
1852
1852
0
0
0
0
0
0
0
0
0
0
0
0
0
0
0
0
0
0
0
0
0
0
0
0
0
0
0
0
0
0
615
0
0
0
0
0
0
0
0
0
0
0
0
0
0
0
0
0
0
0
0
0
0
0
0
0
0
0
0
0
0
615
1500
1747
897
1694
1453
1191
1160
1150
1094
1049
1027
1023
1022
1022
507
507
507
507
507
507
507
507
507
507
507
507
507
507
507
507
507
507
507
507
507
507
507
507
9
323
612
947
947
1170
1170
1184
1098
1098
1098
923
1050
1050
1310
1519
1715
1715
1715
1715
1897
1860
1852
1852
1852
1852
1852
1027
1027
1027
1027
1027
1027
1027
1027
1027
1027
1027
1027
1027
1027
1027
1027
1027
1027
1027
1027
1027
1027
1027
1027
1027
1027
1027
1027
1027
1027
1027
236
841
957
944
942
942
942
942
942
251
251
444
478
548
734
871
1393
1573
1573
1573
1573
1573
1573
369
347
346
346
657
868
1096
1052
613
613
613
613
613
613
613
613
613
613
81
81
91
91
91
91
91
91
91
33
33
33
33
33
33
33
33
33
62
461
688
736
628
753
732
771
1145
0
0
0
0
0
0
0
0
0
0
0
0
0
0
0
0
0
0
0
0
0
0
0
0
0
0
0
0
0
0
615
1500
1747
897
1694
1453
1191
1160
1150
1094
1049
1027
1023
1022
1022
507
507
507
507
507
507
507
507
507
507
507
507
507
507
507
507
507
507
507
507
507
507
507
507
9
323
612
947
947
1170
1170
1184
1098
1098
1098
923
0
0
0
0
0
0
0
0
0
0
0
0
0
0
0
0
0
0
0
0
0
0
0
0
0
0
0
0
0
0
615
1500
1747
897
1694
1453
1191
1160
1150
1094
1049
1027
1023
1022
1022
507
507
507
507
507
507
507
507
507
507
507
507
507
507
507
507
507
507
507
507
507
507
507
507
9
323
612
947
947
1170
1170
1184
1098
1098
1098
923
1050
1050
1310
1519
1715
1715
1715
1715
1897
1860
1852
0
0
0
0
0
0
0
0
0
0
0
0
0
0
0
0
0
0
0
0
0
0
0
0
0
0
0
0
0
0
0
1500
1749
897
1691
1453
1194
1157
1150
1094
1049
1030
1022
1021
1021
1021
1021
1021
1021
1021
1021
1021
1021
1021
1021
1021
1021
1021
1021
1021
1021
1021
1021
1021
1021
1021
1021
1021
1021
8
322
301
945
945
1170
0
0
0
0
0
0
0
0
0
0
0
0
0
0
0
0
0
0
0
0
0
0
0
0
0
0
0
0
0
0
0
1500
1749
897
1691
1453
1194
1157
1150
1094
1049
1030
1022
1021
1021
1021
1021
1021
1021
1021
1021
1021
1021
1021
1021
1021
1021
1021
1021
1021
1021
1021
1021
1021
1021
1021
1021
1021
1021
8
322
301
945
945
1170
1065
1185
1100
1127
1127
921
1051
1051
1315
1520
1715
1856
47
47
47
1862
1854
1853
1852
1852
1852
1030
1030
1030
8
8
8
8
8
8
8
8
8
8
8
8
8
8
8
8
8
8
8
8
8
8
8
8
8
8
8
8
235
839
958
943
942
942
942
942
942
249
249
249
478
549
734
972
972
1574
1574
1574
1574
1574
1574
369
369
369
369
656
867
733
1050
619
619
619
619
619
619
619
619
619
619
80
80
80
0
0
0
0
0
0
0
0
0
0
0
0
0
0
0
0
0
0
0
0
0
0
0
0
0
0
0
0
0
0
0
1500
1749
897
1691
1453
1194
1157
1150
1094
1049
1030
1022
1021
1021
1021
1021
1021
1021
1021
1021
1021
1021
1021
1021
1021
1021
1021
1021
1021
1021
1021
1021
1021
1021
1021
1021
1021
1021
8
322
301
945
945
1170
1065
1185
1100
1127
1127
921
1051
1051
1315
1520
1715
1856
47
47
47
1862
1854
1853
1852
1852
1852
1030
1030
1030
8
8
8
8
8
8
8
8
8
8
8
8
8
8
8
8
8
8
8
8
8
8
8
8
8
8
8
8
235
839
958
943
942
942
942
942
942
249
249
249
478
549
734
972
972
1574
1574
1574
1574
1574
1574
369
369
369
369
656
867
733
1050
619
619
619
619
619
619
619
619
619
619
80
80
80
80
80
80
80
80
80
80
80
80
80
80
80
80
474
474
63
461
685
733
627
750
728
728
1146
1763
1763
1763
1763
1763
141
141
27
27
838
866
943
1012
1012
703
715
1008
1008
1008
1213
598
591
445
445
445
492
430
359
286
177
172
177
170
177
177
177
177
177
177
177
177
177
177
177
177
177
177
177
177
177
177
177
177
177
177
177
177
177
177
177
177
177
177
177
177
177
177
177
177
177
177
177
177
177
177
177
177
177
177
177
177
177
177
177
177
177
177
177
177
177
177
177
177
177
177
177
272
272
272
868
789
393
393
393
393
393
393
393
393
393
393
7
7
7
7
7
7
7
7
7
7
7
7
7
7
86
164
188
188
142
142
142
142
142
142
142
180
139
139
139
139
139
139
33
899
1163
1196
1115
1061
1061
615
615
615
615
615
615
615
615
615
615
615
517
517
517
517
149
102
52
52
52
52
0
0
0
0
0
0
0
0
0
0
0
0
0
0
0
0
0
0
0
0
0
0
0
0
0
0
0
0
0
0
0
1500
1749
897
1691
1453
1194
1157
1150
1094
1049
1030
1022
1021
1021
1021
1021
1021
1021
0
0
0
0
0
0
0
0
0
0
0
0
0
0
0
0
0
0
0
0
0
0
0
0
0
0
0
0
0
0
0
1500
0
0
0
0
0
0
0
0
0
0
0
0
0
0
0
0
0
0
0
0
0
0
0
0
0
0
0
0
0
0
615
0
0
0
0
0
0
0
0
0
0
0
0
0
0
0
0
0
0
0
0
0
0
0
0
0
0
0
0
0
0
615
0
0
0
0
0
0
0
0
0
0
0
0
0
0
0
0
0
0
0
0
0
0
0
0
0
0
0
0
0
0
615
0
0
0
0
0
0
0
0
0
0
0
0
0
0
0
0
0
0
0
0
0
0
0
0
0
0
0
0
0
0
615
0
0
0
0
0
0
0
0
0
0
0
0
0
0
0
0
0
0
0
0
0
0
0
0
0
0
0
0
0
0
615
1500
1747
897
1694
1453
1191
1160
1150
1094
1049
1027
1023
1022
1022
507
507
507
507
507
507
507
507
507
507
507
507
507
507
507
507
507
507
507
507
507
507
507
507
9
323
612
947
947
1170
1170
1184
1098
1098
1098
923
1050
1050
1310
1519
1715
1715
1715
1715
1897
1860
1852
1852
1852
1852
1852
1027
1027
1027
1027
1027
1027
1027
1027
1027
1027
1027
1027
1027
1027
1027
1027
1027
1027
1027
1027
1027
1027
1027
1027
1027
1027
1027
1027
1027
1027
1027
236
841
957
944
942
942
942
942
942
251
251
444
478
548
734
871
1393
1573
1573
1573
1573
1573
1573
369
347
346
346
657
868
1096
1052
613
613
613
613
613
613
613
613
613
613
81
0
0
0
0
0
0
0
0
0
0
0
0
0
0
0
0
0
0
0
0
0
0
0
0
0
0
0
0
0
0
615
1500
1747
897
1694
1453
1191
1160
1150
1094
1049
1027
1023
1022
1022
507
507
507
507
507
507
507
0
0
0
0
0
0
0
0
0
0
0
0
0
0
0
0
0
0
0
0
0
0
0
0
0
0
0
0
0
0
0
0
0
0
0
0
0
0
0
0
0
0
0
0
0
0
0
0
0
0
0
0
0
0
0
0
0
0
0
0
0
0
0
0
0
0
0
0
0
0
0
0
0
0
0
0
0
0
0
0
0
0
0
0
0
0
0
0
0
0
0
0
0
0
0
0
0
0
0
0
0
0
0
0
0
0
0
0
0
0
0
0
0
0
0
0
0
0
0
0
0
0
0
0
0
0
0
0
0
0
0
0
0
0
0
0
0
0
0
0
0
0
0
0
0
0
0
0
0
0
0
0
0
0
0
0
0
0
0
0
0
0
0
0
0
0
0
0
0
0
0
0
0
0
0
0
0
0
0
0
0
0
0
0
0
0
0
0
0
0
0
0
0
0
0
0
0
0
0
0
0
0
0
0
0
0
0
0
0
0
0
0
0
0
0
0
0
0
0
0
0
0
0
0
0
0
0
0
0
0
0
0
0
0
0
0
0
0
0
0
0
0
0
0
0
0
0
0
0
0
0
0
0
0
0
0
0
0
0
0
0
0
0
0
0
0
0
0
0
0
0
0
0
0
0
0
0
0
0
0
0
0
0
0
0
0
0
0
0
0
0
0
0
0
0
0
0
0
0
0
0
0
0
0
0
0
0
0
0
0
0
0
0
0
0
0
0
0
0
0
0
0
0
0
0
0
0
0
0
0
0
0
0
0
0
0
0
0
0
0
0
0
0
0
0
0
0
0
0
0
0
0
0
0
0
0
0
0
0
0
0
0
0
0
0
0
0
0
0
0
0
0
0
0
0
0
0
0
0
0
0
0
0
0
0
0
0
0
0
0
0
0
0
0
0
0
0
0
0
0
0
0
0
0
0
0
0
0
0
0
0
0
0
0
0
0
0
0
0
0
0
0
0
0
0
0
0
0
0
0
0
0
0
0
0
0
0
0
0
0
0
0
0
0
0
0
0
0
0
0
0
0
0
0
0
0
0
0
0
0
0
0
0
0
0
0
0
0
0
0
0
0
0
0
0
0
0
0
0
0
0
0
0
0
0
0
0
0
0
0
0
0
0
0
0
0
0
0
0
0
0
0
0
0
0
0
0
0
0
0
0
0
0
0
0
0
0
0
0
0
0
0
0
0
0
0
0
0
0
0
0
0
0
0
0
0
0
0
0
0
0
0
0
0
0
0
0
0
0
0
0
0
0
0
0
0
0
0
0
0
0
0
0
0
0
0
0
0
0
0
0
0
0
0
0
0
0
0
0
0
0
0
0
0
0
0
0
0
0
0
0
0
0
0
0
0
0
0
0
0
0
0
0
0
0
0
0
0
0
0
0
0
0
0
0
0
0
0
0
0
0
0
0
0
0
0
0
0
0
0
0
0
0
0
0
0
0
0
0
0
0
0
0
0
0
0
0
0
0
0
0
0
0
0
0
0
0
0
0
0
0
0
0
0
0
0
0
0
0
0
0
0
0
0
0
0
0
0
0
0
0
0
0
0
0
0
0
0
0
0
0
0
0
0
0
0
0
0
0
0
0
0
0
0
0
0
0
0
0
0
0
0
0
0
0
0
0
0
0
0
0
0
0
0
0
0
0
0
0
0
0
0
0
0
0
0
0
0
0
0
0
0
0
0
0
0
0
0
0
0
615
0
0
0
0
0
0
0
0
0
0
0
0
0
0
0
0
0
0
0
0
0
0
0
0
0
0
0
0
0
0
615
1500
1747
897
1694
1453
1191
1160
1150
1094
1049
1027
1023
1022
1022
507
507
507
507
507
507
507
507
507
507
507
507
507
507
507
507
507
507
507
507
507
507
507
507
9
323
612
947
947
1170
1170
1184
1098
1098
1098
923
1050
1050
1310
1519
1715
1715
1715
1715
1897
1860
1852
1852
1852
1852
1852
1027
1027
1027
1027
1027
1027
1027
1027
1027
1027
1027
1027
1027
1027
1027
1027
1027
1027
1027
1027
1027
1027
1027
1027
1027
1027
1027
1027
1027
1027
1027
236
841
957
944
942
942
942
942
942
251
251
444
478
548
734
871
1393
1573
1573
1573
1573
1573
1573
369
347
346
346
657
868
1096
1052
613
613
613
613
613
613
613
613
613
613
81
81
91
91
91
91
91
91
91
33
33
33
33
33
33
33
33
33
62
461
688
736
628
753
732
771
1145
1762
1762
1762
1762
1762
1762
1762
25
25
845
845
940
1012
1012
703
714
1009
1009
1009
602
601
601
1061
563
500
132
429
356
288
179
170
181
169
176
177
177
177
177
177
177
177
177
177
177
177
177
177
177
177
177
177
177
177
177
177
177
177
177
177
177
177
177
177
177
177
177
177
177
177
177
177
177
177
177
177
177
177
0
0
0
0
0
0
0
0
0
0
0
0
0
0
0
0
0
0
0
0
0
0
0
0
0
0
0
0
0
0
0
0
0
0
0
0
0
0
0
0
0
0
0
0
0
0
0
0
0
0
0
0
0
0
0
0
0
0
0
0
0
0
0
0
0
0
0
0
0
0
0
